205370102
0 -1 -300
4036668 -1 -300
5370002 -1 -300
6703336 -1 -300
8036670 -1 -300
9370004 -1 -300
10703338 -1 -300
12036672 -1 -300
13370006 -1 -300
14703340 -50 255
16036674 0 255
17370008 50 255
18703342 50 205
20036676 50 155
21370010 0 155
22703344 -50 155
24036678 -50 205
25370012 -1 -300
26703346 -1 -300
28036680 -25 255
29370014 25 255
30703348 -25 155
32036682 25 155
33370016 25 255
34703350 -25 255
36036684 25 155
37370018 -1 -300
38703352 -50 230
40036686 -50 180
41370020 50 180
42703354 50 230
44036688 50 230
45370022 50 180
46703356 -50 180
48036690 -1 -300
49370024 -25 205
50703358 0 205
52036692 25 205
53370026 -1 -300
54703360 0 230
56036694 0 205
57370028 0 180
58703362 -1 -300
60036696 0 255
61370030 0 205
62703364 0 155
64036698 -1 -300
65370032 -50 205
66703366 0 205
68036700 50 205
69370034 -1 -300
70703368 -50 255
72036702 50 205
73370036 -50 155
74703370 0 255
76036704 50 155
77370038 -50 205
78703372 50 255
80036706 0 155
81370040 50 255
82703374 -50 205
84036708 50 155
85370042 0 255
86703376 -50 155
88036710 50 205
89370044 -50 255
90703378 0 155
92036712 -50 255
93370046 0 255
94703380 50 255
96036714 0 205
97370048 -50 155
98703382 0 155
100036716 50 155
101370050 -1 -300
102703384 -50 255
104036718 -50 205
105370052 -50 155
106703386 0 205
108036720 50 255
109370054 50 205
110703388 50 155
112036722 -1 -300
113370056 -50 255
113703390 -25 255
114036724 0 255
114370058 25 255
114703392 25 230
115036726 0 230
115370060 -25 230
115703394 -50 230
116036728 -50 205
116370062 -25 205
116703396 0 205
117036730 25 205
117370064 25 180
117703398 0 180
118036732 -25 180
118370066 -50 180
118703400 -50 180
119036734 -25 180
119370068 0 180
119703402 25 180
120036736 25 205
120370070 0 205
120703404 -25 205
121036738 -50 205
121370072 -50 230
121703406 -25 230
122036740 0 230
122370074 25 230
122703408 25 255
123036742 0 255
123370076 -25 255
123703410 -50 255
124036744 -50 255
124370078 -50 230
124703412 -50 205
125036746 -50 180
125370080 -25 180
125703414 -25 205
126036748 -25 230
126370082 -25 255
126703416 0 255
127036750 0 230
127370084 0 205
127703418 0 180
128036752 25 180
128370086 25 205
128703420 25 230
129036754 25 255
129370088 25 255
129703422 25 230
130036756 25 205
130370090 25 180
130703424 0 180
131036758 0 205
131370092 0 230
131703426 0 255
132036760 -25 255
132370094 -25 230
132703428 -25 205
133036762 -25 180
133370096 -50 180
133703430 -50 205
134036764 -50 230
134370098 -50 255
134703432 -25 155
136036766 25 205
137370100 50 155
138703434 50 180
140036768 50 205
141370102 -50 255
142703436 0 155
144036770 25 205
145370104 50 230
146703438 -25 230
148036772 0 205
149370106 -50 205
150703440 25 255
152036774 0 230
153370108 -25 205
154703442 -25 180
156036776 0 255
157370110 25 255
158703444 -25 155
160036778 50 155
161370112 25 230
162703446 0 155
164036780 25 155
165370114 25 255
166703448 -50 205
168036782 50 205
169370116 -50 255
170703450 0 180
172036784 -25 155
173370118 0 180
174703452 -25 155
176036786 25 180
177370120 0 205
178703454 0 230
180036788 -25 255
181370122 -50 230
182703456 -50 205
184036790 -25 180
185370124 0 155
186703458 -1 -300
188036792 0 205
189370126 0 230
190703460 25 255
192036794 50 230
193370128 50 205
194703462 25 180
196036796 0 155
197370130 -1 -300
199703464 -25 205
200036798 0 205
200370132 25 205
